               event_id               | revisions | first_rev | last_rev | first_decided_at | last_decided_at | algo_vers | has_event_row 
--------------------------------------+-----------+-----------+----------+------------------+-----------------+-----------+---------------
 5f3b63c9-9e0e-45c0-ac40-f0614f2a1a61 |         2 |         1 |        2 |    1788621892210 |   1788621991061 |         1 | t
 4fcc3374-032a-440b-9d6f-609d8a4096ce |         2 |         1 |        2 |    1788435429754 |   1788435521061 |         1 | t
 b19639f5-c242-42f2-8ec3-970f5488ef62 |         2 |         1 |        2 |    1788360906684 |   1788361001061 |         1 | t
 1c14355c-4256-46df-8c4a-5527063aaf56 |         2 |         1 |        2 |    1788273699791 |   1788273791061 |         1 | t
 3adf752d-48f1-4f81-b98e-d31e3775c923 |         2 |         1 |        2 |    1788255609089 |   1788255701061 |         1 | t
 7f7573c8-b795-4077-89b5-9593c48cea70 |         2 |         1 |        2 |    1788254531113 |   1788254626061 |         1 | t
 29f97057-0978-449c-a096-12c37c2e9eb2 |         2 |         1 |        2 |    1788245168454 |   1788245261061 |         1 | t
 164b8d72-c829-4a6d-8e65-a9ec27ff2571 |         2 |         1 |        2 |    1788245039190 |   1788245131061 |         1 | t
 62e81e68-48d6-40dd-97b8-d2dd18ef6948 |         2 |         1 |        2 |    1788244916348 |   1788245011061 |         1 | t
 bebff65e-26e9-4383-9c19-9a8d7c90f59d |         2 |         1 |        2 |    1788243307383 |   1788243401061 |         1 | t
 4feaff34-2179-45c3-b57d-cbae4916985c |         2 |         1 |        2 |    1788089375911 |   1788089466425 |         1 | t
 fb5a917f-7bd4-4383-a3f3-2b57e4c0c914 |         2 |         1 |        2 |    1788087440765 |   1788087531421 |         1 | t
 536a1ed7-d72e-4cb3-b133-b6acd89f542a |         2 |         1 |        2 |    1788084601054 |   1788084691425 |         1 | t
 3732e5a4-64ef-48de-a3a3-417b3066b52f |         2 |         1 |        2 |    1788083943930 |   1788084036421 |         1 | t
 d0a12633-ad56-478f-9306-4a5beca564b2 |         2 |         1 |        2 |    1788081355102 |   1788081446421 |         1 | t
 3f008ce8-c83a-4be7-92a5-19f31a3646ff |         2 |         1 |        2 |    1788080703878 |   1788080796421 |         1 | t
 e44a9b07-8311-4a90-806a-bc7095eda136 |         2 |         1 |        2 |    1788080556027 |   1788080646421 |         1 | t
 8310e3cc-8cdb-487e-92fe-c4a9289eb2cd |         2 |         1 |        2 |    1788076746610 |   1788076841422 |         1 | t
 78d75b9a-195b-4f66-9bf2-8346237de020 |         2 |         1 |        2 |    1788066404804 |   1788066496421 |         1 | t
 976d658c-bdc3-4b21-a7ae-e8835ddbdb85 |         2 |         1 |        2 |    1788066296465 |   1788066391421 |         1 | t
(20 rows)

